20/08 notes:
- map stretched exponent trend vs beta;
- include 0.80... in square lattice

TO DO:
- finish stretched exponent fit for hexagonal


SIMULATION RUNS:

og = ongoing run
rd = redo

- Long times (time=10**8, runs=1):
    * [✔️] Hexagonal: 
        1.30, 1.35, 1.40, 1.45, 1.50, 1.55, 
        1.60, 1.65, 1.70, 1.75, 1.80, 1.85, 
        1.90, 1.95

    * [✔️] Square: 
        1.00, 1.30, 
        1.40, 1.45, 1.50, 1.55, 
        1.60, 1.65, 1.70, 1.75,
        1.80

    * [✔️] Triangular: 
        1.00, 1.05, 1.10, 1.15, 1.20, 1.25, 
        1.30, 1.35, 1.40, 1.45, 1.50, 1.55, 
        1.60, 1.65, 1.70

    * [✔️] King: 
        0.90, 0.95, 1.00, 1.05, 1.10, 1.15, 
        1.20, 1.25, 1.30, 1.35, 1.40, 1.45,
        1.50

    * [✔️] Cubic:
        0.80, 0.90, 
        1.00, 1.05, 1.10, 1.15, 1.20, 1.25,
        1.30, 1.35, 1.40

    * [] Stacked single-link hexagonal:
        [og] 1.40

- Short times (time=varying, runs=4)

    * [✔️] Hexagonal:
        0.0001, 
        0.10, 0.20, 0.30, 0.40, 0.50, 0.60, 0.70, 0.80, 0.90,  
        1.00, 1.05, 1.10, 1.15, 1.20, 1.25, 1.30, 1.35, 
        1.40, 1.45, 1.50, 1.55,
        1.60, 1.65, 1.66, 1.67, 1.68, 1.69,
        1.70, 1.71, 1.72, 1.73, 1.74, 1.75, 1.76, 1.77, 1.78, 1.79, 
        1.80, 1.85, 1.90, 1.95, 2.00

    * [✔️] Square:
        0.0001, 
        0.1, 0.2, 0.3, 0.4, 0.5, 0.6, 0.7,
        0.80, 0.81, 0.82, 0.83, 0.84, 0.85, 0.86, 0.87, 0.88, 0.89,
        0.90, 1.00, 
        1.10, 1.15, 1.20, 1.25, 1.30, 1.35, 1.40, 1.45, 
        1.50, 1.55, 1.575, 
        1.60, 1.65, 1.70, 1.75, 1.80

    * [✔️] Triangular:
        [rd] 1.55, 
        0.80, 0.81, 0.82, 0.83, 0.84, 0.85, 0.86, 0.87, 0.88, 0.89, 
        0.90, 0.91, 0.92, 0.93, 0.94, 0.95, 0.96, 0.97, 0.98, 0.99, 
        1.00, 1.01, 1.02, 1.03, 1.04, 1.05, 1.06, 1.07, 1.08, 1.09, 
        1.10, 1.11, 1.12, 1.13, 1.14, 1.15, 1.16, 1.17, 1.18, 1.19,
        1.20, 1.21, 1.22, 1.23, 1.24, 1.25, 1.26, 1.27, 1.28, 1.29,
        1.30, 1.31, 1.32, 1.33, 1.34, 1.35, 1.36, 1.37, 1.38, 1.39,
        1.40, 1.41, 1.42, 1.43, 1.44, 1.45, 1.46, 1.47, 1.475,
        1.48, 1.49, 1.50, 1.60

    * [✔️] King:
        0.0001, 0.1, 0.2, 0.3, 0.4, 0.5, 0.6, 0.7,
        0.80, 0.81, 0.82, 0.83, 0.84, 0.85, 0.86, 0.87, 0.88, 0.89,
        0.90, 0.91, 0.92, 0.93, 0.94, 0.95, 0.96, 0.97, 0.98, 0.99,
        1.00, 1.01, 1.02, 1.03, 1.04, 1.05, 1.06, 1.07, 1.08, 1.09, 
        1.10, 1.11, 1.12, 1.13, 1.14, 1.15, 1.16, 1.17, 1.18, 1.19,
        1.20, 1.21, 1.22, 1.23, 1.24, 1.25, 1.26, 1.27, 1.28, 1.29,
        1.30, 1.31, 1.32, 1.33, 1.34, 1.345, 1.35, 1.36, 1.37, 1.38, 1.39,
        1.40, 1.45
        [1 run] 1.50

    * [✔️] Cubic:
        0.001, 0.10, 0.20, 0.30, 0.40, 0.50, 
        0.60, 0.65, 0.70, 0.75, 0.80, 0.85,
        0.90, 0.95, 0.96, 0.97, 0.98, 0.99,
        1.00, 1.01, 1.05, 1.10, 1.15, 
        1.20, 1.25, 1.30, 1.35,

    * [] Stacked single-link hexagonal:
        1.00, 1.10, 1.40
